   1.00000000       4.50750732    
   1.02402401       4.55555534    
   1.04804802       4.60360336    
   1.07207203       4.65165138    
   1.09609604       4.69969940    
   1.12012017       4.77177143    
   1.14414418       4.81981993    
   1.16816819       4.86786795    
   1.19219220       4.91591597    
   1.21621621       4.96396399    
   1.24024022       5.01201200    
   1.26426423       5.06006002    
   1.28828835       5.10810804    
   1.31231236       5.15615606    
   1.33633637       5.20420408    
   1.36036038       5.25225210    
   1.38438439       5.30030012    
   1.40840840       5.34834814    
   1.43243241       5.39639616    
   1.45645642       5.42042065    
   1.48048043       5.46846867    
   1.50450444       5.51651669    
   1.52852845       5.56456470    
   1.55255258       5.61261272    
   1.57657659       5.66066074    
   1.60060060       5.68468475    
   1.62462461       5.73273277    
   1.64864862       5.78078079    
   1.67267275       5.82882881    
   1.69669676       5.85285282    
   1.72072077       5.90090084    
   1.74474478       5.94894886    
   1.76876879       5.97297287    
   1.79279280       6.02102089    
   1.81681681       6.06906891    
   1.84084082       6.09309292    
   1.86486483       6.14114094    
   1.88888884       6.18918896    
   1.91291285       6.21321344    
   1.93693686       6.26126146    
   1.96096098       6.30930948    
   1.98498499       6.33333349    
   2.00900888       6.38138151    
   2.03303289       6.40540552    
   2.05705690       6.45345354    
   2.08108091       6.50150156    
   2.10510516       6.52552557    
   2.12912917       6.57357359    
   2.15315318       6.59759760    
   2.17717719       6.64564562    
   2.20120120       6.66966963    
   2.22522521       6.71771765    
   2.24924922       6.74174166    
   2.27327323       6.78978968    
   2.29729724       6.81381369    
   2.32132149       6.86186171    
   2.34534550       6.88588572    
   2.36936951       6.93393373    
   2.39339352       6.95795774    
   2.41741753       7.00600624    
   2.44144154       7.03003025    
   2.46546555       7.05405426    
   2.48948956       7.10210228    
   2.51351357       7.12612629    
   2.53753757       7.17417431    
   2.56156158       7.19819832    
   2.58558559       7.22222233    
   2.60960960       7.27027035    
   2.63363361       7.29429436    
   2.65765762       7.34234238    
   2.68168163       7.36636639    
   2.70570564       7.39039040    
   2.72972965       7.43843842    
   2.75375366       7.46246243    
   2.77777767       7.51051044    
   2.80180168       7.53453445    
   2.82582569       7.55855846    
   2.84984970       7.60660648    
   2.87387371       7.63063049    
   2.89789772       7.65465450    
   2.92192197       7.67867851    
   2.94594598       7.72672653    
   2.96996999       7.75075054    
   2.99399400       7.77477455    
   3.01801801       7.82282305    
   3.04204202       7.84684706    
   3.06606603       7.87087107    
   3.09009004       7.89489508    
   3.11411405       7.94294310    
   3.13813806       7.96696711    
   3.16216207       7.99099112    
   3.18618608       8.03903961    
   3.21021032       8.06306267    
   3.23423433       8.08708763    
   3.25825834       8.11111069    
   3.28228235       8.13513565    
   3.30630636       8.18318367    
   3.33033037       8.20720673    
   3.35435438       8.23123169    
   3.37837839       8.27927971    
   3.40240240       8.30330276    
   3.42642641       8.32732773    
   3.45045042       8.35135078    
   3.47447443       8.37537575    
   3.49849844       8.42342377    
   3.52252245       8.44744682    
   3.54654646       8.47147179    
   3.57057047       8.49549484    
   3.59459448       8.51951981    
   3.61861873       8.56756783    
   3.64264274       8.59159088    
   3.66666675       8.61561584    
   3.69069076       8.63963985    
   3.71471477       8.66366386    
   3.73873878       8.68768787    
   3.76276278       8.73573589    
   3.78678679       8.75975990    
   3.81081080       8.78378391    
   3.83483481       8.80780792    
   3.85885882       8.83183193    
   3.88288283       8.87987995    
   3.90690684       8.87987995    
   3.93093085       8.92792797    
   3.95495486       8.95195198    
   3.97897887       8.97597599    
   4.00300312       9.00000000    
   4.02702713       9.02402401    
   4.05105114       9.04804802    
   4.07507515       9.09609604    
   4.09909916       9.12012005    
   4.12312317       9.12012005    
   4.14714718       9.16816807    
   4.17117119       9.19219208    
   4.19519520       9.21621609    
   4.21921921       9.24024010    
   4.24324322       9.26426411    
   4.26726723       9.28828812    
   4.29129124       9.31231213    
   4.31531525       9.33633614    
   4.33933926       9.36036015    
   4.36336327       9.40840816    
   4.38738728       9.43243217    
   4.41141129       9.45645618    
   4.43543530       9.48048019    
   4.45945930       9.50450420    
   4.48348331       9.52852821    
   4.50750732       9.55255222    
   4.53153133       9.57657623    
   4.55555534       9.60060024    
   4.57957935       9.62462425    
   4.60360336       9.64864826    
   4.62762737       9.67267227    
   4.65165138       9.69669628    
   4.67567539       9.72072029    
   4.69969940       9.76876831    
   4.72372341       9.76876831    
   4.74774742       9.79279232    
   4.77177143       9.81681728    
   4.79579544       9.84084129    
   4.81981993       9.86486530    
   4.84384394       9.91291332    
   4.86786795       9.91291332    
   4.89189196       9.96096134    
   4.91591597       9.96096134    
   4.93993998       10.0090094    
   4.96396399       10.0330334    
   4.98798800       10.0570574    
   5.01201200       10.0570574    
   5.03603601       10.1051054    
   5.06006002       10.1051054    
   5.08408403       10.1291294    
   5.10810804       10.1771774    
   5.13213205       10.1771774    
   5.15615606       10.2252254    
   5.18018007       10.2252254    
   5.20420408       10.2732735    
   5.22822809       10.2732735    
   5.25225210       10.2972975    
   5.27627611       10.3453455    
   5.30030012       10.3453455    
   5.32432413       10.3933935    
   5.34834814       10.3933935    
   5.37237215       10.4174175    
   5.39639616       10.4414415    
   5.42042065       10.4894896    
   5.44444466       10.4894896    
   5.46846867       10.5135136    
   5.49249268       10.5375376    
   5.51651669       10.5615616    
   5.54054070       10.5855856    
   5.56456470       10.6096096    
   5.58858871       10.6336336    
   5.61261272       10.6576576    
   5.63663673       10.6816816    
   5.66066074       10.7057056    
   5.68468475       10.7297297    
   5.70870876       10.7537537    
   5.73273277       10.7777777    
   5.75675678       10.8018017    
   5.78078079       10.8018017    
   5.80480480       10.8258257    
   5.82882881       10.8738737    
   5.85285282       10.8978977    
   5.87687683       10.8978977    
   5.90090084       10.9219217    
   5.92492485       10.9459457    
   5.94894886       10.9699697    
   5.97297287       10.9939938    
   5.99699688       11.0180178    
   6.02102089       11.0180178    
   6.04504490       11.0660658    
   6.06906891       11.0660658    
   6.09309292       11.1141138    
   6.11711693       11.1381378    
   6.14114094       11.1381378    
   6.16516495       11.1621618    
   6.18918896       11.1861858    
   6.21321344       11.2102098    
   6.23723745       11.2342339    
   6.26126146       11.2342339    
   6.28528547       11.2822819    
   6.30930948       11.3063059    
   6.33333349       11.3303299    
   6.35735750       11.3543539    
   6.38138151       11.3543539    
   6.40540552       11.3783779    
   6.42942953       11.4024029    
   6.45345354       11.4264269    
   6.47747755       11.4504509    
   6.50150156       11.4744749    
   6.52552557       11.4984989    
   6.54954958       11.5225229    
   6.57357359       11.5465469    
   6.59759760       11.5465469    
   6.62162161       11.5705709    
   6.64564562       11.5945950    
   6.66966963       11.6186190    
   6.69369364       11.6426430    
   6.71771765       11.6426430    
   6.74174166       11.6666670    
   6.76576567       11.7147150    
   6.78978968       11.7147150    
   6.81381369       11.7387390    
   6.83783770       11.7627630    
   6.86186171       11.7867870    
   6.88588572       11.8108110    
   6.90990973       11.8348351    
   6.93393373       11.8348351    
   6.95795774       11.8588591    
   6.98198175       11.8828831    
   7.00600624       11.9069071    
   7.03003025       11.9309311    
   7.05405426       11.9549551    
   7.07807827       11.9789791    
   7.10210228       11.9789791    
   7.12612629       12.0270271    
   7.15015030       12.0270271    
   7.17417431       12.0510511    
   7.19819832       12.0750751    
   7.22222233       12.0990992    
   7.24624634       12.0990992    
   7.27027035       12.1231232    
   7.29429436       12.1471472    
   7.31831837       12.1711712    
   7.34234238       12.1711712    
   7.36636639       12.2192192    
   7.39039040       12.2192192    
   7.41441441       12.2432432    
   7.43843842       12.2672672    
   7.46246243       12.2912912    
   7.48648643       12.3153152    
   7.51051044       12.3393393    
   7.53453445       12.3393393    
   7.55855846       12.3633633    
   7.58258247       12.3873873    
   7.60660648       12.4114113    
   7.63063049       12.4354353    
   7.65465450       12.4354353    
   7.67867851       12.4594593    
   7.70270252       12.4834833    
   7.72672653       12.5075073    
   7.75075054       12.5075073    
   7.77477455       12.5555553    
   7.79879856       12.5555553    
   7.82282305       12.5795794    
   7.84684706       12.6036034    
   7.87087107       12.6276274    
   7.89489508       12.6276274    
   7.91891909       12.6516514    
   7.94294310       12.6756754    
   7.96696711       12.6996994    
   7.99099112       12.7237234    
   8.01501465       12.7237234    
   8.03903961       12.7477474    
   8.06306267       12.7717714    
   8.08708763       12.7957954    
   8.11111069       12.8198195    
   8.13513565       12.8438435    
   8.15915871       12.8438435    
   8.18318367       12.8678675    
   8.20720673       12.8918915    
   8.23123169       12.9159155    
   8.25525475       12.9159155    
   8.27927971       12.9399395    
   8.30330276       12.9639635    
   8.32732773       12.9879875    
   8.35135078       12.9879875    
   8.37537575       13.0120125    
   8.39939880       13.0360365    
   8.42342377       13.0600605    
   8.44744682       13.0840845    
   8.47147179       13.0840845    
   8.49549484       13.1081085    
   8.51951981       13.1321325    
   8.54354286       13.1561565    
   8.56756783       13.1561565    
   8.59159088       13.1801805    
   8.61561584       13.2042046    
   8.63963985       13.2042046    
   8.66366386       13.2522526    
   8.68768787       13.2522526    
   8.71171188       13.3003006    
   8.73573589       13.3003006    
   8.75975990       13.3003006    
   8.78378391       13.3483486    
   8.80780792       13.3483486    
   8.83183193       13.3723726    
   8.85585594       13.3723726    
   8.87987995       13.4204206    
   8.90390396       13.4204206    
   8.92792797       13.4204206    
   8.95195198       13.4444447    
   8.97597599       13.4924927    
   9.00000000       13.4924927    
   9.02402401       13.5165167    
   9.04804802       13.5165167    
   9.07207203       13.5645647    
   9.09609604       13.5645647    
   9.12012005       13.5885887    
   9.14414406       13.6126127    
   9.16816807       13.6126127    
   9.19219208       13.6606607    
   9.21621609       13.6606607    
   9.24024010       13.6606607    
   9.26426411       13.6846848    
   9.28828812       13.7087088    
   9.31231213       13.7087088    
   9.33633614       13.7327328    
   9.36036015       13.7567568    
   9.38438416       13.7807808    
   9.40840816       13.8048048    
   9.43243217       13.8048048    
   9.45645618       13.8288288    
   9.48048019       13.8528528    
   9.50450420       13.8768768    
   9.52852821       13.8768768    
   9.55255222       13.9009008    
   9.57657623       13.9249249    
   9.60060024       13.9249249    
   9.62462425       13.9489489    
   9.64864826       13.9729729    
   9.67267227       13.9729729    
   9.69669628       14.0210209    
   9.72072029       14.0210209    
   9.74474430       14.0450449    
   9.76876831       14.0690689    
   9.79279232       14.0690689    
   9.81681728       14.0930929    
   9.84084129       14.1171169    
   9.86486530       14.1171169    
   9.88888931       14.1411409    
   9.91291332       14.1651649    
   9.93693733       14.1891890    
   9.96096134       14.1891890    
   9.98498535       14.1891890    
   10.0090094       14.2372370    
   10.0330334       14.2372370    
   10.0570574       14.2612610    
   10.0810814       14.2612610    
   10.1051054       14.3093090    
   10.1291294       14.3093090    
   10.1531534       14.3333330    
   10.1771774       14.3333330    
   10.2012014       14.3813810    
   10.2252254       14.3813810    
   10.2492495       14.4054050    
   10.2732735       14.4054050    
   10.2972975       14.4294291    
   10.3213215       14.4534531    
   10.3453455       14.4774771    
   10.3693695       14.4774771    
   10.3933935       14.5015011    
   10.4174175       14.5255251    
   10.4414415       14.5495491    
   10.4654655       14.5495491    
   10.4894896       14.5735731    
   10.5135136       14.5735731    
   10.5375376       14.6216221    
   10.5615616       14.6216221    
   10.5855856       14.6216221    
   10.6096096       14.6696701    
   10.6336336       14.6696701    
   10.6576576       14.6696701    
   10.6816816       14.6936941    
   10.7057056       14.7177181    
   10.7297297       14.7177181    
   10.7537537       14.7417421    
   10.7777777       14.7657661    
   10.8018017       14.7897902    
   10.8258257       14.8138142    
   10.8498497       14.8138142    
   10.8738737       14.8378382    
   10.8978977       14.8378382    
   10.9219217       14.8618622    
   10.9459457       14.8858862    
   10.9699697       14.8858862    
   10.9939938       14.9339342    
   11.0180178       14.9339342    
   11.0420418       14.9339342    
   11.0660658       14.9819822    
   11.0900898       14.9819822    
   11.1141138       14.9819822    
   11.1381378       15.0300303    
   11.1621618       15.0300303    
   11.1861858       15.0540543    
   11.2102098       15.0540543    
   11.2342339       15.0780783    
   11.2582579       15.0780783    
   11.2822819       15.1021023    
   11.3063059       15.1261263    
   11.3303299       15.1501503    
   11.3543539       15.1741743    
   11.3783779       15.1741743    
   11.4024029       15.1981983    
   11.4264269       15.1981983    
   11.4504509       15.2222223    
   11.4744749       15.2462463    
   11.4984989       15.2462463    
   11.5225229       15.2942944    
   11.5465469       15.2942944    
   11.5705709       15.2942944    
   11.5945950       15.3183184    
   11.6186190       15.3423424    
   11.6426430       15.3423424    
   11.6666670       15.3423424    
   11.6906910       15.3903904    
   11.7147150       15.3903904    
   11.7387390       15.3903904    
   11.7627630       15.4144144    
   11.7867870       15.4384384    
   11.8108110       15.4624624    
   11.8348351       15.4864864    
   11.8588591       15.4864864    
   11.8828831       15.5105104    
   11.9069071       15.5105104    
   11.9309311       15.5585585    
   11.9549551       15.5585585    
   11.9789791       15.5585585    
   12.0030031       15.5585585    
   12.0270271       15.6066065    
   12.0510511       15.6306305    
   12.0750751       15.6306305    
   12.0990992       15.6546545    
   12.1231232       15.6546545    
   12.1471472       15.6786785    
   12.1711712       15.7027025    
   12.1951952       15.7027025    
   12.2192192       15.7267265    
   12.2432432       15.7507505    
   12.2672672       15.7507505    
   12.2912912       15.7507505    
   12.3153152       15.7987986    
   12.3393393       15.7987986    
   12.3633633       15.7987986    
   12.3873873       15.8468466    
   12.4114113       15.8468466    
   12.4354353       15.8708706    
   12.4594593       15.8708706    
   12.4834833       15.8948946    
   12.5075073       15.8948946    
   12.5315313       15.9429426    
   12.5555553       15.9429426    
   12.5795794       15.9429426    
   12.6036034       15.9669666    
   12.6276274       15.9909906    
   12.6516514       15.9909906    
   12.6756754       16.0150146    
   12.6996994       16.0150146    
   12.7237234       16.0630627    
   12.7477474       16.0630627    
   12.7717714       16.0630627    
   12.7957954       16.0870857    
   12.8198195       16.0870857    
   12.8438435       16.1111107    
   12.8678675       16.1351357    
   12.8918915       16.1591587    
   12.9159155       16.1591587    
   12.9399395       16.1591587    
   12.9639635       16.1831818    
   12.9879875       16.2072067    
   13.0120125       16.2312317    
   13.0360365       16.2552567    
   13.0600605       16.2552567    
   13.0840845       16.2792797    
   13.1081085       16.2792797    
   13.1321325       16.2792797    
   13.1561565       16.3273277    
   13.1801805       16.3513527    
   13.2042046       16.3513527    
   13.2282286       16.3513527    
   13.2522526       16.3753757    
   13.2762766       16.3753757    
   13.3003006       16.3993988    
   13.3243246       16.4234238    
   13.3483486       16.4234238    
   13.3723726       16.4474487    
   13.3963966       16.4474487    
   13.4204206       16.4714718    
   13.4444447       16.4954948    
   13.4684687       16.4954948    
   13.4924927       16.5195198    
   13.5165167       16.5195198    
   13.5405407       16.5675678    
   13.5645647       16.5675678    
   13.5885887       16.5675678    
   13.6126127       16.6156158    
   13.6366367       16.6156158    
   13.6606607       16.6156158    
   13.6846848       16.6396408    
   13.7087088       16.6396408    
   13.7327328       16.6636639    
   13.7567568       16.6876869    
   13.7807808       16.6876869    
   13.8048048       16.7117119    
   13.8288288       16.7117119    
   13.8528528       16.7597599    
   13.8768768       16.7837830    
   13.9009008       16.7837830    
   13.9249249       16.7837830    
   13.9489489       16.7837830    
   13.9729729       16.8078079    
   13.9969969       16.8078079    
   14.0210209       16.8558559    
   14.0450449       16.8558559    
   14.0690689       16.8558559    
   14.0930929       16.8798790    
   14.1171169       16.8798790    
   14.1411409       16.9279289    
   14.1651649       16.9519520    
   14.1891890       16.9519520    
   14.2132130       16.9519520    
   14.2372370       16.9519520    
   14.2612610       16.9759750    
   14.2852850       17.0000000    
   14.3093090       17.0240250    
   14.3333330       17.0240250    
   14.3573570       17.0240250    
   14.3813810       17.0720730    
   14.4054050       17.0720730    
   14.4294291       17.0960960    
   14.4534531       17.0960960    
   14.4774771       17.1201210    
   14.5015011       17.1201210    
   14.5255251       17.1441441    
   14.5495491       17.1681690    
   14.5735731       17.1681690    
   14.5975971       17.1921921    
   14.6216221       17.1921921    
   14.6456461       17.2402401    
   14.6696701       17.2402401    
   14.6936941       17.2402401    
   14.7177181       17.2642651    
   14.7417421       17.2642651    
   14.7657661       17.2882881    
   14.7897902       17.3123131    
   14.8138142       17.3123131    
   14.8378382       17.3363361    
   14.8618622       17.3603611    
   14.8858862       17.3603611    
   14.9099102       17.3603611    
   14.9339342       17.4084091    
   14.9579582       17.4084091    
   14.9819822       17.4084091    
   15.0060062       17.4084091    
   15.0300303       17.4324322    
   15.0540543       17.4564571    
   15.0780783       17.4564571    
   15.1021023       17.4564571    
   15.1261263       17.5045052    
   15.1501503       17.5045052    
   15.1741743       17.5285282    
   15.1981983       17.5285282    
   15.2222223       17.5525532    
   15.2462463       17.5765762    
   15.2702703       17.5765762    
   15.2942944       17.6006012    
   15.3183184       17.6006012    
   15.3423424       17.6246243    
   15.3663664       17.6246243    
   15.3903904       17.6486492    
   15.4144144       17.6486492    
   15.4384384       17.6726723    
   15.4624624       17.6966972    
   15.4864864       17.6966972    
   15.5105104       17.7207203    
   15.5345345       17.7207203    
   15.5585585       17.7447453    
   15.5825825       17.7687683    
   15.6066065       17.7687683    
   15.6306305       17.7687683    
   15.6546545       17.8168163    
   15.6786785       17.8168163    
   15.7027025       17.8408413    
   15.7267265       17.8408413    
   15.7507505       17.8408413    
   15.7747746       17.8648643    
   15.7987986       17.8888893    
   15.8228226       17.8888893    
   15.8468466       17.8888893    
   15.8708706       17.9369373    
   15.8948946       17.9369373    
   15.9189186       17.9369373    
   15.9429426       17.9609604    
   15.9669666       17.9609604    
   15.9909906       17.9849854    
   16.0150146       17.9849854    
   16.0390396       18.0090084    
   16.0630627       18.0330334    
   16.0870857       18.0330334    
   16.1111107       18.0810814    
   16.1351357       18.0810814    
   16.1591587       18.0810814    
   16.1831818       18.0810814    
   16.2072067       18.1051044    
   16.2312317       18.1291294    
   16.2552567       18.1291294    
   16.2792797       18.1531525    
   16.3033028       18.1531525    
   16.3273277       18.1771774    
   16.3513527       18.2252254    
   16.3753757       18.2252254    
   16.3993988       18.2252254    
   16.4234238       18.2252254    
   16.4474487       18.2252254    
   16.4714718       18.2492485    
   16.4954948       18.2492485    
   16.5195198       18.2732735    
   16.5435448       18.2732735    
   16.5675678       18.3213215    
   16.5915909       18.3213215    
   16.6156158       18.3213215    
   16.6396408       18.3453445    
   16.6636639       18.3453445    
   16.6876869       18.3933926    
   16.7117119       18.3933926    
   16.7357368       18.3933926    
   16.7597599       18.4174175    
   16.7837830       18.4174175    
   16.8078079       18.4414406    
   16.8318329       18.4414406    
   16.8558559       18.4894886    
   16.8798790       18.4894886    
   16.9039040       18.4894886    
   16.9279289       18.4894886    
   16.9519520       18.5135136    
   16.9759750       18.5375366    
   17.0000000       18.5375366    
   17.0240250       18.5375366    
   17.0480480       18.5855846    
   17.0720730       18.6096096    
   17.0960960       18.6096096    
   17.1201210       18.6096096    
   17.1441441       18.6576576    
   17.1681690       18.6576576    
   17.1921921       18.6576576    
   17.2162170       18.6576576    
   17.2402401       18.6576576    
   17.2642651       18.7057056    
   17.2882881       18.7057056    
   17.3123131       18.7057056    
   17.3363361       18.7297306    
   17.3603611       18.7777786    
   17.3843842       18.7777786    
   17.4084091       18.7777786    
   17.4324322       18.7777786    
   17.4564571       18.7777786    
   17.4804802       18.7777786    
   17.5045052       18.7777786    
   17.5285282       18.8258266    
   17.5525532       18.8498497    
   17.5765762       18.8978977    
   17.6006012       18.8978977    
   17.6246243       18.8978977    
   17.6486492       18.8978977    
   17.6726723       18.8978977    
   17.6966972       18.9219227    
   17.7207203       18.9219227    
   17.7447453       18.9459457    
   17.7687683       18.9699707    
   17.7927933       18.9699707    
   17.8168163       18.9699707    
   17.8408413       19.0180187    
   17.8648643       19.0180187    
   17.8888893       19.0420418    
   17.9129124       19.0420418    
   17.9369373       19.0420418    
   17.9609604       19.0420418    
   17.9849854       19.0660667    
   18.0090084       19.0660667    
   18.0330334       19.1141148    
   18.0570564       19.1141148    
   18.0810814       19.1141148    
   18.1051044       19.1141148    
   18.1291294       19.1381378    
   18.1531525       19.1621628    
   18.1771774       19.1861858    
   18.2012005       19.1861858    
   18.2252254       19.1861858    
   18.2492485       19.2102108    
   18.2732735       19.2342339    
   18.2972965       19.2342339    
   18.3213215       19.2342339    
   18.3453445       19.2822819    
   18.3693695       19.2822819    
   18.3933926       19.2822819    
   18.4174175       19.3303299    
   18.4414406       19.3303299    
   18.4654655       19.3303299    
   18.4894886       19.3303299    
   18.5135136       19.3303299    
   18.5375366       19.3543549    
   18.5615616       19.3543549    
   18.5855846       19.3543549    
   18.6096096       19.3783779    
   18.6336346       19.4264259    
   18.6576576       19.4264259    
   18.6816826       19.4504509    
   18.7057056       19.4504509    
   18.7297306       19.4504509    
   18.7537537       19.4504509    
   18.7777786       19.5225220    
   18.8018017       19.5225220    
   18.8258266       19.5225220    
   18.8498497       19.5225220    
   18.8738747       19.5465469    
   18.8978977       19.5465469    
   18.9219227       19.5705700    
   18.9459457       19.5705700    
   18.9699707       19.5705700    
   18.9939938       19.5705700    
   19.0180187       19.6426430    
   19.0420418       19.6426430    
   19.0660667       19.6426430    
   19.0900898       19.6426430    
   19.1141148       19.6426430    
   19.1381378       19.6666660    
   19.1621628       19.6666660    
   19.1861858       19.6666660    
   19.2102108       19.6906910    
   19.2342339       19.7147141    
   19.2582588       19.7147141    
   19.2822819       19.7387390    
   19.3063068       19.7627621    
   19.3303299       19.7867870    
   19.3543549       19.7867870    
   19.3783779       19.8108101    
   19.4024029       19.8108101    
   19.4264259       19.8108101    
   19.4504509       19.8588581    
   19.4744740       19.8588581    
   19.4984989       19.8588581    
   19.5225220       19.8588581    
   19.5465469       19.8588581    
   19.5705700       19.8828831    
   19.5945950       19.8828831    
   19.6186180       19.9309311    
   19.6426430       19.9309311    
   19.6666660       19.9309311    
   19.6906910       19.9549541    
   19.7147141       19.9789791    
   19.7387390       19.9789791    
   19.7627621       19.9789791    
   19.7867870       19.9789791    
   19.8108101       19.9789791    
   19.8348351       20.0270271    
   19.8588581       20.0510502    
   19.8828831       20.0510502    
   19.9069061       20.0510502    
   19.9309311       20.0750751    
   19.9549541       20.0990982    
   19.9789791       20.0990982    
   20.0030022       20.0990982    
   20.0270271       20.1231232    
   20.0510502       20.1231232    
   20.0750751       20.1231232    
   20.0990982       20.1471462    
   20.1231232       20.1951942    
   20.1471462       20.1951942    
   20.1711712       20.1951942    
   20.1951942       20.1951942    
   20.2192192       20.1951942    
   20.2432442       20.2192192    
   20.2672672       20.2672672    
   20.2912922       20.2912922    
   20.3153152       20.2912922    
   20.3393402       20.2912922    
   20.3633633       20.2912922    
   20.3873882       20.3153152    
   20.4114113       20.3153152    
   20.4354362       20.3153152    
   20.4594593       20.3393402    
   20.4834843       20.3633633    
   20.5075073       20.3633633    
   20.5315323       20.3633633    
   20.5555553       20.3873882    
   20.5795803       20.3873882    
   20.6036034       20.4114113    
   20.6276283       20.4114113    
   20.6516514       20.4114113    
   20.6756763       20.4354362    
   20.6996994       20.4594593    
   20.7237244       20.4834843    
   20.7477474       20.4834843    
   20.7717724       20.4834843    
   20.7957954       20.4834843    
   20.8198204       20.5075073    
   20.8438435       20.5315323    
   20.8678684       20.5315323    
   20.8918915       20.5315323    
   20.9159164       20.5555553    
   20.9399395       20.5795803    
   20.9639645       20.5795803    
   20.9879875       20.5795803    
   21.0120125       20.5795803    
   21.0360355       20.5795803    
   21.0600605       20.6276283    
   21.0840836       20.6276283    
   21.1081085       20.6516514    
   21.1321316       20.6756763    
   21.1561565       20.6756763    
   21.1801796       20.6996994    
   21.2042046       20.6996994    
   21.2282276       20.7237244    
   21.2522526       20.7477474    
   21.2762756       20.7477474    
   21.3003006       20.7477474    
   21.3243237       20.7477474    
   21.3483486       20.7477474    
   21.3723717       20.7957954    
   21.3963966       20.7957954    
   21.4204197       20.8198204    
   21.4444447       20.8198204    
   21.4684677       20.8438435    
   21.4924927       20.8678684    
   21.5165157       20.8678684    
   21.5405407       20.8678684    
   21.5645638       20.8678684    
   21.5885887       20.8918915    
   21.6126118       20.9159164    
   21.6366367       20.9399395    
   21.6606598       20.9159164    
   21.6846848       20.9399395    
   21.7087078       20.9399395    
   21.7327328       20.9639645    
   21.7567558       20.9639645    
   21.7807808       21.0120125    
   21.8048058       21.0120125    
   21.8288288       21.0120125    
   21.8528538       21.0120125    
   21.8768768       21.0120125    
   21.9009018       21.0600605    
   21.9249249       21.0600605    
   21.9489498       21.0600605    
   21.9729729       21.1081085    
   21.9969978       21.0840836    
   22.0210209       21.1081085    
   22.0450459       21.1081085    
   22.0690689       21.1321316    
   22.0930939       21.1321316    
   22.1171169       21.1561565    
   22.1411419       21.1561565    
   22.1651649       21.1561565    
   22.1891899       21.1561565    
   22.2132130       21.1801796    
   22.2372379       21.1801796    
   22.2612610       21.2282276    
   22.2852859       21.2282276    
   22.3093090       21.2522526    
   22.3333340       21.2282276    
   22.3573570       21.2522526    
   22.3813820       21.2522526    
   22.4054050       21.2762756    
   22.4294300       21.2762756    
   22.4534531       21.2762756    
   22.4774780       21.3003006    
   22.5015011       21.3723717    
   22.5255260       21.3243237    
   22.5495491       21.3723717    
   22.5735741       21.3723717    
   22.5975971       21.3723717    
   22.6216221       21.3723717    
   22.6456451       21.4204197    
   22.6696701       21.3963966    
   22.6936932       21.4204197    
   22.7177181       21.4444447    
   22.7417412       21.4444447    
   22.7657661       21.4924927    
   22.7897892       21.4684677    
   22.8138142       21.4924927    
   22.8378372       21.4924927    
   22.8618622       21.5165157    
   22.8858852       21.5165157    
   22.9099102       21.5165157    
   22.9339333       21.5405407    
   22.9579582       21.5405407    
   22.9819813       21.5405407    
   23.0060062       21.5405407    
   23.0300293       21.5885887    
   23.0540543       21.5885887    
   23.0780773       21.6126118    
   23.1021023       21.6366367    
   23.1261253       21.6126118    
   23.1501503       21.6366367    
   23.1741734       21.6366367    
   23.1981983       21.6606598    
   23.2222214       21.6366367    
   23.2462463       21.6606598    
   23.2702694       21.6846848    
   23.2942944       21.7087078    
   23.3183174       21.7327328    
   23.3423424       21.7327328    
   23.3663654       21.7327328    
   23.3903904       21.7327328    
   23.4144154       21.7567558    
   23.4384384       21.7567558    
   23.4624634       21.7567558    
   23.4864864       21.7807808    
   23.5105114       21.8048058    
   23.5345345       21.8048058    
   23.5585594       21.8048058    
   23.5825825       21.8288288    
   23.6066074       21.8528538    
   23.6306305       21.8528538    
   23.6546555       21.9009018    
   23.6786785       21.9009018    
   23.7027035       21.9009018    
   23.7267265       21.9009018    
   23.7507515       21.9009018    
   23.7747746       21.9249249    
   23.7987995       21.9009018    
   23.8228226       21.9729729    
   23.8468475       21.9729729    
   23.8708706       21.9729729    
   23.8948956       21.9729729    
   23.9189186       21.9729729    
   23.9429436       21.9729729    
   23.9669666       21.9969978    
   23.9909916       22.0210209    
   24.0150146       22.0690689    
   24.0390396       22.0450459    
   24.0630627       22.0690689    
   24.0870876       22.0690689    
   24.1111107       22.0690689    
   24.1351357       22.1171169    
   24.1591587       22.1171169    
   24.1831837       22.1171169    
   24.2072067       22.1411419    
   24.2312317       22.1411419    
   24.2552547       22.1411419    
   24.2792797       22.1411419    
   24.3033028       22.1411419    
   24.3273277       22.1891899    
   24.3513508       22.1891899    
   24.3753757       22.1891899    
   24.3993988       22.2132130    
   24.4234238       22.2132130    
   24.4474468       22.2612610    
   24.4714718       22.2612610    
   24.4954948       22.2852859    
   24.5195198       22.2612610    
   24.5435429       22.2852859    
   24.5675678       22.2852859    
   24.5915909       22.3093090    
   24.6156158       22.2852859    
   24.6396389       22.2852859    
   24.6636639       22.3333340    
   24.6876869       22.3573570    
   24.7117119       22.3813820    
   24.7357349       22.3573570    
   24.7597599       22.3813820    
   24.7837830       22.4054050    
   24.8078079       22.4294300    
   24.8318310       22.4294300    
   24.8558559       22.4294300    
   24.8798790       22.4294300    
   24.9039040       22.4294300    
   24.9279270       22.4294300    
   24.9519520       22.4774780    
   24.9759750       22.4534531    
   25.0000000       22.4774780    
